 8.61 4.39 2.28 1.57 1.22 0.99 0.67 0.55 0.50 0.46
 7.29 3.71 1.92 1.34 1.05 0.85 0.60 0.49 0.44 0.46
 6.03 3.14 1.64 1.13 0.89 0.74 0.49 0.42 0.41 0.38
 5.97 3.04 1.58 1.08 0.85 0.71 0.48 0.41 0.38 0.37
 4.99 2.60 1.36 0.94 0.74 0.61 0.43 0.39 0.34 0.34
 3.85 1.97 1.05 0.73 0.58 0.48 0.34 0.33 0.30 0.31
 3.66 1.95 1.03 0.72 0.56 0.47 0.32 0.30 0.30 0.28
 3.07 1.59 0.87 0.61 0.49 0.42 0.30 0.28 0.26 0.26
 2.52 1.34 0.73 0.52 0.42 0.36 0.26 0.26 0.26 0.25
 2.10 1.09 0.61 0.43 0.35 0.30 0.22 0.22 0.21 0.22
 1.47 0.78 0.44 0.33 0.26 0.23 0.18 0.20 0.19 0.19
 0.73 0.40 0.24 0.18 0.15 0.14 0.00 0.00 0.00 0.00
 0.63 0.36 0.21 0.17 0.14 0.13 0.00 0.00 0.00 0.00
